# 原始业务数据 CSV 描述性分析

## 基本信息
- 数据文件: `/Users/zihao_/Documents/coding/dataset/original/业务数据记录_with表_表格.csv`
- 文件编码: `utf-8`
- 生成时间: 2025-10-10 16:55:37
- 数据形状: 778 行 × 14 列
- 重复行数: 0
- 数据完整性: 86.61%（缺失单元格 1458）

## 列类型分布
- 数值列: 13 个
- 分类列: 0 个
- 日期列: 1 个

### 数值列
有效线索数, 抖音战队线索数, 下发线索数, 有效试驾数, 试驾锁单数, 锁单数, 小订数, 小订留存锁单数, 本品牌人群总资产资产, 本品牌日新增, 本品牌日流失, 本品牌人群流量, MG4小订数

### 分类列
无

### 日期列
日期

## 缺失值概览
### 每列缺失数量
日期              0
有效线索数           0
抖音战队线索数         0
下发线索数           0
有效试驾数           6
试驾锁单数           3
锁单数             1
小订数           337
小订留存锁单数       347
本品牌人群总资产资产      1
本品牌日新增          1
本品牌日流失          1
本品牌人群流量         0
MG4小订数        761

### 每列缺失比例
日期             0.00
有效线索数          0.00
抖音战队线索数        0.00
下发线索数          0.00
有效试驾数          0.77
试驾锁单数          0.39
锁单数            0.13
小订数           43.32
小订留存锁单数       44.60
本品牌人群总资产资产     0.13
本品牌日新增         0.13
本品牌日流失         0.13
本品牌人群流量        0.00
MG4小订数        97.81

## 数值列统计摘要
            count          mean           std         min           25%          50%           75%          max  missing  missing_ratio
有效线索数       778.0  1.225580e+04  6.221657e+03      2673.0  8.201000e+03      11208.5  1.503825e+04      48672.0        0       0.000000
抖音战队线索数     778.0  3.544985e+03  2.296312e+03       383.0  1.862250e+03       3171.5  4.611250e+03      22200.0        0       0.000000
下发线索数       778.0  7.370728e+03  4.041513e+03      1452.0  4.679250e+03       6591.0  8.969250e+03      25966.0        0       0.000000
有效试驾数       772.0  9.143044e+02  4.680558e+02         1.0  6.442500e+02        827.0  1.215000e+03       2977.0        6       0.007712
试驾锁单数       775.0  8.152129e+01  1.708405e+02         1.0  2.800000e+01         47.0  8.300000e+01       3817.0        3       0.003856
锁单数         777.0  2.018108e+02  2.972043e+02         1.0  8.900000e+01        136.0  2.250000e+02       6040.0        1       0.001285
小订数         441.0  3.625578e+02  1.079736e+03         1.0  2.000000e+00         10.0  3.470000e+02      15340.0      337       0.433162
小订留存锁单数     431.0  1.139907e+02  3.658154e+02         1.0  2.000000e+00         10.0  8.600000e+01       5989.0      347       0.446015
本品牌人群总资产资产  777.0  1.846931e+08  5.965603e+07  71716420.0  1.375690e+08  177009429.0  2.201802e+08  357520893.0        1       0.001285
本品牌日新增      777.0  4.295518e+06  6.150114e+06    517455.0  2.116568e+06    2962894.0  4.102213e+06   90197813.0        1       0.001285
本品牌日流失      777.0  4.001803e+06  5.162810e+06    371423.0  2.010107e+06    2833242.0  4.143497e+06   72518347.0        1       0.001285
本品牌人群流量     778.0  8.286656e+06  8.202471e+06         0.0  4.703813e+06    6258163.5  8.505592e+06   96119672.0        0       0.000000
MG4小订数       17.0  7.608315e+05  1.699224e+06       752.0  1.230000e+03       1330.0  1.775000e+03    4809438.0      761       0.978149

## 数值列相关性（Pearson）
               有效线索数   抖音战队线索数     下发线索数     有效试驾数     试驾锁单数       锁单数       小订数   小订留存锁单数  本品牌人群总资产资产    本品牌日新增    本品牌日流失   本品牌人群流量    MG4小订数
有效线索数       1.000000  0.841765  0.953493  0.694847  0.411425  0.407136  0.389879  0.444443    0.700015  0.322173  0.104356  0.305409  0.394591
抖音战队线索数     0.841765  1.000000  0.828731  0.523192  0.360952  0.309528  0.431481  0.395658    0.570936  0.281763  0.070652  0.253555  0.363795
下发线索数       0.953493  0.828731  1.000000  0.721443  0.374195  0.375173  0.358875  0.391280    0.726777  0.248195  0.104107  0.249880  0.429712
有效试驾数       0.694847  0.523192  0.721443  1.000000  0.324702  0.368363  0.061260  0.291708    0.642401  0.109030  0.146097  0.173736  0.595741
试驾锁单数       0.411425  0.360952  0.374195  0.324702  1.000000  0.973218  0.592622  0.969002    0.306597  0.379262  0.098085  0.346074  0.600561
锁单数         0.407136  0.309528  0.375173  0.368363  0.973218  1.000000  0.513377  0.964846    0.329782  0.402857  0.125204  0.380449  0.601342
小订数         0.389879  0.431481  0.358875  0.061260  0.592622  0.513377  1.000000  0.636847    0.138897  0.432267 -0.041719  0.316081  0.739845
小订留存锁单数     0.444443  0.395658  0.391280  0.291708  0.969002  0.964846  0.636847  1.000000    0.314095  0.482231  0.067358  0.404040  0.726839
本品牌人群总资产资产  0.700015  0.570936  0.726777  0.642401  0.306597  0.329782  0.138897  0.314095    1.000000  0.149725  0.077865  0.161274  0.596315
本品牌日新增      0.322173  0.281763  0.248195  0.109030  0.379262  0.402857  0.432267  0.482231    0.149725  1.000000  0.044094  0.777553  0.145979
本品牌日流失      0.104356  0.070652  0.104107  0.146097  0.098085  0.125204 -0.041719  0.067358    0.077865  0.044094  1.000000  0.662492 -0.386711
本品牌人群流量     0.305409  0.253555  0.249880  0.173736  0.346074  0.380449  0.316081  0.404040    0.161274  0.777553  0.662492  1.000000  0.102927
MG4小订数      0.394591  0.363795  0.429712  0.595741  0.600561  0.601342  0.739845  0.726839    0.596315  0.145979 -0.386711  0.102927  1.000000

## 分类列 TopN 分布
无分类列

## 日期列解析与范围
  column  parse_ratio        min        max
0     日期          1.0 2023-08-24 2025-10-09

## 示例数据（前 10 行）
           日期  有效线索数  抖音战队线索数  下发线索数  有效试驾数  试驾锁单数   锁单数     小订数  小订留存锁单数   本品牌人群总资产资产      本品牌日新增      本品牌日流失   本品牌人群流量  MG4小订数
0  2023/08/24   3130      832   1680  187.0    7.0  18.0     9.0      NaN   71716420.0   3036498.0   2137922.0   5174420     NaN
1  2023/08/25  10580     1232   5755    2.0    4.0  21.0  4064.0      NaN  100415947.0  30380688.0   1681161.0  32061849     NaN
2  2023/08/26   9978      698   3872    2.0   16.0  62.0  1377.0      NaN  100485799.0   2436024.0   2366172.0   4802196     NaN
3  2023/08/27   8840      539   3689    2.0   12.0  46.0  1104.0      1.0  101131373.0   2014365.0   1368791.0   3383156     NaN
4  2023/08/28   7774     1656   2459    1.0    5.0  33.0   730.0      NaN  101528059.0   2429331.0   2032645.0   4461976     NaN
5  2023/08/29   6317     1282   2386    3.0    2.0  33.0   542.0      NaN  105684909.0   4930335.0    773485.0   5703820     NaN
6  2023/08/30   5430      946   2029    1.0    5.0  42.0   449.0      NaN  105435557.0   1972175.0   2221527.0   4193702     NaN
7  2023/08/31   5289      775   2103    NaN    5.0  45.0   397.0      NaN   96587246.0   1488011.0  10336322.0  11824333     NaN
8  2023/09/01   4868      559   1883    NaN    4.0  22.0   353.0      NaN   96164267.0   1293760.0   1716739.0   3010499     NaN
9  2023/09/02   5519      383   2305    1.0    5.0  35.0   355.0      NaN   96273018.0   1049745.0    940994.0   1990739     NaN

---
*本报告由 W35 工作流生成工具自动输出，用于快速了解原始业务数据的结构与质量状况。*
